1	2180985
1	5035185
1	8881322
1	8929624
1	9196716
1	11398873
1	12207135
1	14955425
1	18525077
1	21459584
1	25322776
1	28317030
1	28429141
1	30176599
1	31912689
1	32639061
1	32639069
1	37440121
1	41906266
1	51062279
1	51687593
1	55572220
1	56785308
1	58087932
1	58459924
1	61257623
1	66060148
1	67089428
1	69512974
1	70281089
1	71384281
1	73190641
1	74365706
1	75661013
1	77712621
1	77806132
1	78007388
1	80136620
1	80682425
1	83055217
1	85187114
1	88536849
1	91587714
1	95360291
1	97126506
1	100080141
1	105310593
1	105553679
1	108231574
1	110653061
1	151429157
1	152741010
1	157893907
1	159338156
1	161314917
1	165172198
1	165236040
1	168531443
1	170961432
1	172226559
1	181082457
1	183611730
1	184432005
1	185492436
1	187669720
1	188908816
1	188959562
1	189081773
1	190609207
1	191298125
1	193166527
1	194794417
1	196642263
1	199215688
1	201524438
1	207088718
1	208428822
1	212671445
1	216517952
1	221054278
1	221866620
1	224350778
1	228003460
1	229876852
1	229961260
1	232809272
1	235722484
1	236070218
1	238491153
1	239100264
1	241369206
1	241614732
1	242867695
1	243600926
1	243800960
1	246493874
10	2163818
10	3564935
10	8183192
10	8892366
10	9710557
10	10514618
10	12220065
10	15473878
10	19677248
10	26207463
10	27158471
10	27264403
10	28905483
10	29381097
10	36836152
10	37702476
10	44504180
10	50525415
10	53174805
10	55261065
10	55821614
10	56355068
10	57652529
10	60981357
10	67939217
10	67939504
10	67999398
10	72650373
10	73607198
10	75310128
10	75481547
10	77267532
10	78114800
10	83043361
10	83769876
10	84888507
10	86446672
10	86555379
10	86819456
10	87354030
10	88898367
10	100974667
10	107384560
10	107925897
10	108001174
10	108346064
10	110797740
10	114127294
10	116888025
10	117426628
10	118280134
10	121864396
10	128423750
10	132089925
11	1619539
11	4594863
11	5331229
11	7216785
11	19385692
11	20234825
11	21665804
11	21903600
11	22129524
11	22577416
11	22622720
11	23620333
11	24911321
11	27933212
11	29922802
11	30949634
11	32953672
11	37690296
11	37952302
11	38267894
11	39993871
11	40353880
11	40407740
11	41476015
11	41558996
11	42498761
11	43240969
11	44421745
11	46242097
11	51310634
11	62626356
11	64026273
11	65429479
11	67400617
11	68115417
11	69432013
11	69949731
11	73055150
11	77225396
11	81002800
11	88189768
11	88418998
11	90678328
11	90945287
11	91468563
11	97189622
11	98764548
11	99370262
11	100426123
11	106671337
11	115932580
11	120629850
11	120994554
11	126030184
11	128286672
11	128548768
11	129251513
11	131520711
11	132406098
11	134152202
11	134252080
12	174809
12	2117632
12	8313212
12	13796518
12	13898258
12	15064172
12	19983752
12	21466797
12	22145824
12	32135299
12	33434289
12	41018138
12	42039777
12	42665316
12	47761046
12	52991742
12	54028978
12	58563425
12	59271287
12	60908446
12	61842251
12	61895578
12	63071297
12	65187005
12	66746923
12	67896755
12	68372935
12	70830382
12	70892651
12	72114925
12	74482066
12	75301193
12	77326960
12	77675676
12	78749064
12	81826716
12	81882764
12	82324910
12	83738184
12	84566996
12	86482640
12	86498290
12	88254029
12	95470901
12	97746559
12	101593525
12	102209097
12	109743962
12	113487863
12	119597595
12	124689803
12	124701334
12	126512235
12	126604917
12	128217533
12	129538053
12	130694366
12	131498637
12	131957662
13	23656332
13	26516852
13	28149329
13	29830536
13	32159369
13	35627709
13	37841314
13	41464427
13	43180026
13	46918449
13	47590911
13	47615550
13	50620198
13	57057726
13	57296613
13	57315997
13	58913971
13	59132580
13	59518056
13	62904062
13	62956536
13	63958117
13	65175427
13	65498311
13	66073029
13	66183962
13	68148795
13	68585673
13	69328434
13	70213334
13	71207440
13	73828680
13	74107886
13	74418422
13	75611314
13	76585145
13	76804771
13	80732608
13	81055075
13	82744875
13	83542742
13	84070328
13	84390244
13	84707593
13	84777518
13	85956274
13	86116180
13	87705328
13	87772128
13	88609529
13	88613148
13	89603675
13	92837119
13	92898829
13	93082803
13	93439734
13	94115586
13	97266307
13	102637325
13	102925535
13	103063433
13	105913962
13	105935599
13	106305821
13	106880233
13	107045543
13	107828808
13	108147296
13	108359598
13	110877669
13	112332109
14	19169233
14	26946680
14	27442521
14	27563862
14	28408992
14	28781670
14	30226911
14	30533354
14	32194687
14	38667202
14	41325865
14	41717718
14	44819066
14	49049259
14	49271293
14	49387315
14	52063607
14	61518816
14	67254891
14	72555227
14	74093244
14	74814453
14	75993412
14	76151517
14	80130430
14	82323618
14	84484280
14	85044228
14	87938530
14	89833818
14	90914443
14	94872142
14	98808882
14	99389074
14	106241178
14	106326548
14	106326619
14	106327637
15	25430849
15	27491135
15	29903890
15	31614541
15	35736845
15	36748224
15	37918980
15	37977635
15	38395091
15	39471900
15	40439183
15	46889601
15	47017255
15	47059890
15	51810276
15	53329672
15	54375709
15	63022923
15	68232992
15	68398111
15	70006976
15	74600922
15	77125304
15	80472014
15	86088071
15	87851050
15	87917896
15	88964496
15	94303679
15	94500631
15	95474987
15	96389162
15	97148443
15	97756535
16	2752409
16	5914105
16	7165320
16	8452059
16	17255532
16	17340843
16	17635272
16	20357078
16	25602133
16	26535194
16	27056317
16	27641381
16	27850942
16	31923582
16	50969061
16	51049703
16	51349698
16	51630762
16	51908251
16	58954285
16	61274974
16	61835678
16	63140892
16	64664688
16	65624419
16	74251979
16	76149672
16	77553459
16	82537458
16	82829383
16	83102577
16	83425969
16	85590567
16	86476642
16	87613247
17	5819177
17	7696054
17	9365191
17	9583778
17	11432467
17	12477475
17	27319262
17	34242364
17	36724701
17	37421088
17	39062645
17	43685975
17	43786377
17	44007787
17	45870293
17	51832447
17	52713614
17	56564243
17	56756041
17	66456447
17	74971317
17	77370224
18	4202589
18	7497610
18	7747514
18	12103227
18	19550399
18	20640958
18	26188355
18	27983239
18	28281186
18	31027212
18	32013834
18	33725240
18	34011877
18	38432955
18	41755672
18	42995272
18	44650651
18	44972348
18	46748829
18	47857641
18	49977665
18	51086487
18	54378941
18	64322301
18	66674947
18	69450172
18	73047285
19	6683556
19	9599750
19	9599758
19	9644930
19	11456512
19	14617893
19	16260658
19	16935062
19	22884811
19	30853776
19	30964947
19	31715259
19	34392511
19	34444997
19	43651932
19	43939379
19	44192721
19	46962850
2	2274262
2	3114265
2	4279685
2	5255017
2	5748565
2	5844331
2	7960257
2	8171067
2	10546993
2	12068823
2	13713285
2	16242758
2	17421438
2	18965371
2	23484231
2	27081944
2	33089085
2	34170389
2	35439053
2	36770876
2	40840121
2	42954157
2	50926481
2	51555111
2	51587528
2	51989311
2	53152225
2	53593855
2	56073171
2	59133057
2	59838799
2	60368479
2	66433610
2	66825007
2	67345131
2	76732649
2	77504305
2	78115408
2	78157249
2	78519191
2	79176610
2	80047103
2	80894644
2	81008798
2	81433172
2	82925391
2	83012503
2	83103167
2	83246009
2	85113318
2	86186970
2	101898592
2	102136569
2	104543995
2	107888398
2	108708583
2	113370271
2	115863052
2	117632946
2	118551799
2	121435486
2	123042990
2	125097230
2	125183384
2	125183434
2	126430602
2	126683208
2	129660551
2	132485376
2	139190627
2	141494066
2	146639483
2	147599265
2	153699498
2	154396626
2	156778995
2	157982471
2	159841964
2	162684621
2	162902335
2	163787207
2	164015838
2	165337085
2	170053496
2	170247981
2	171444916
2	171523727
2	176845690
2	177813850
2	179079721
2	181630276
2	183202139
2	186117654
2	188825814
2	191464279
2	193553719
2	193656070
2	193692565
2	199076000
2	199628381
2	202397886
2	212123585
2	212736644
2	214915670
2	216839394
2	217724619
2	217983544
2	219076603
2	221793979
2	226485176
2	227640717
2	227793435
2	229968442
2	230089167
2	237613633
20	673720
20	5646816
20	6080129
20	6452936
20	6848903
20	7322806
20	7893777
20	8342904
20	9735395
20	11884933
20	12229904
20	14151500
20	16733967
20	16999997
20	17836113
20	17866588
20	19032372
20	19150090
20	20254725
20	20332631
20	24767114
20	24823774
20	29877376
20	40960510
20	41484118
20	41695961
20	43011840
20	44840471
20	49635363
20	50111960
20	54396426
20	54747943
20	55090368
20	56367681
20	59894362
21	15696721
21	17034326
21	20582391
21	22049234
21	24896766
21	27950203
21	29035015
21	29579608
21	30608697
21	32073565
21	36383368
22	19003568
22	20214592
22	25092805
22	26722556
22	28065401
22	32648802
22	34539007
22	49651048
22	49766522
3	8590921
3	11349084
3	18375104
3	18892654
3	19992372
3	20828802
3	21528133
3	22425750
3	23238563
3	24019554
3	25103015
3	25370982
3	28301108
3	30426055
3	33216193
3	34190777
3	35266898
3	41352336
3	42789007
3	43870381
3	44073850
3	45520897
3	50250929
3	50778167
3	50994284
3	50995070
3	52534644
3	52755907
3	54237224
3	55179526
3	55202704
3	55435658
3	59099180
3	60260322
3	61600000
3	63652256
3	64377875
3	64491192
3	65050431
3	65699163
3	69852818
3	72394542
3	73413520
3	74956554
3	76547159
3	76724937
3	77509476
3	78484956
3	79232376
3	81977640
3	82134887
3	82752477
3	83937192
3	83937405
3	84130346
3	84299742
3	87527546
3	87815156
3	93628189
3	94357469
3	94443891
3	94458065
3	95633787
3	95984637
3	96346393
3	96716760
3	98029400
3	98971946
3	103112506
3	105060758
3	105845435
3	105968877
3	108078219
3	109934462
3	115777804
3	117849577
3	117992541
3	119696016
3	120531391
3	130208493
3	130323111
3	134616210
3	135550147
3	137059168
3	137807254
3	138205893
3	147898470
3	148495185
3	149553078
3	150696100
3	151106028
3	154218219
3	154599874
3	156334113
3	166501017
3	167327032
3	167685197
3	168496517
3	173791921
3	174166116
3	175403117
3	175971864
3	176940072
3	181049126
3	181257169
3	183436799
3	185568065
3	187072123
3	189308806
3	191818929
3	197582629
4	1534726
4	3420428
4	6059324
4	9137304
4	17294859
4	19874556
4	20294893
4	21442713
4	23216173
4	23242834
4	27844988
4	29420043
4	31636021
4	31896878
4	33378749
4	33958475
4	33958565
4	33958878
4	33958886
4	34406948
4	35911563
4	36894141
4	37843819
4	45235370
4	47048458
4	48697086
4	54697739
4	56133388
4	58353022
4	60244160
4	60394578
4	60394610
4	61133934
4	62943131
4	63925223
4	64740843
4	65111566
4	65945769
4	66085925
4	66109250
4	66109276
4	69273748
4	70368874
4	72982300
4	74628086
4	79086931
4	82744555
4	85468068
4	88201750
4	88655943
4	89090355
4	89381868
4	92114472
4	95576288
4	100622698
4	101397011
4	105714609
4	105805990
4	109297184
4	110755105
4	111138640
4	111485652
4	112854799
4	117099425
4	117951595
4	119965088
4	126049781
4	126611382
4	128652344
4	129479168
4	131255261
4	131838993
4	132647896
4	134746547
4	135299404
4	135307499
4	135927660
4	141006970
4	142156146
4	143465598
4	146176207
4	146581490
4	151045432
4	152194635
4	152920055
4	156272616
4	156806017
4	157058675
4	157217171
4	157319309
4	157682870
4	161215779
4	161280684
4	162004734
4	162708882
4	163105425
4	166065436
4	167628900
4	167737782
4	167742365
4	167938068
4	175295816
4	179417513
4	180691813
4	182110898
4	182398491
4	182553351
4	188309279
5	1762564
5	2371760
5	3543466
5	8810741
5	9239593
5	10899862
5	11325129
5	13307706
5	16221733
5	16224809
5	20791577
5	22508615
5	22954849
5	23344794
5	23771986
5	24820674
5	26649391
5	27012945
5	27304714
5	28642577
5	28862844
5	28941071
5	29272932
5	29354358
5	30599591
5	30737958
5	31960937
5	33552078
5	34635150
5	39285564
5	40539258
5	42358778
5	45262237
5	50204922
5	51254835
5	51462031
5	57083168
5	57625733
5	58220549
5	59285243
5	61159300
5	61427929
5	61987077
5	62489100
5	62703193
5	67029012
5	67444438
5	82133511
5	82275801
5	85087204
5	85971983
5	87716700
5	88890356
5	89271958
5	90059150
5	91470115
5	92030520
5	92684459
5	94602526
5	95551832
5	100567223
5	101089363
5	102591536
5	103697721
5	103697729
5	104636442
5	104956263
5	105133307
5	105227084
5	105972451
5	106604218
5	109437603
5	109723099
5	110135195
5	112073909
5	117007185
5	117131756
5	120366912
5	121149561
5	122815858
5	123364695
5	127535384
5	127915785
5	136452938
5	138925912
5	140332712
5	144312437
5	145431985
5	147038414
5	147985075
5	148518801
5	155742528
5	155768294
5	164469902
5	165538603
5	167187192
5	169420787
5	172958645
5	172981815
5	176988107
5	177705477
5	178408489
5	179576244
6	1057797
6	1305875
6	7804631
6	11681396
6	17184923
6	21461678
6	23561277
6	23639660
6	23639696
6	23855806
6	27230508
6	27505615
6	32948607
6	37782405
6	48267503
6	53621938
6	54257934
6	55978904
6	56691450
6	58339772
6	64632913
6	65263001
6	65900962
6	67051166
6	79195030
6	83460027
6	83961858
6	85227654
6	86044240
6	86964067
6	91900625
6	94089433
6	95054446
6	96185826
6	96221341
6	97041003
6	100259186
6	101843298
6	102151370
6	102654452
6	103802903
6	104250650
6	104608584
6	110229328
6	110784550
6	110959950
6	112661827
6	113072334
6	113544813
6	114467365
6	115225565
6	115416864
6	118138075
6	118623039
6	121103937
6	122883752
6	123652985
6	125094698
6	127244022
6	128505949
6	129563624
6	131229646
6	134966766
6	140586060
6	140714376
6	141796287
6	145871867
6	148583467
6	153758583
6	156706674
6	162912298
6	168820564
7	1447208
7	3671042
7	11473972
7	11743252
7	11761911
7	13534657
7	13554580
7	14381452
7	15016815
7	15976214
7	18970609
7	19864007
7	22447774
7	23909286
7	25003124
7	28969349
7	29202871
7	31198747
7	31243222
7	31879523
7	36604957
7	40358098
7	40947506
7	41063385
7	41948593
7	42004605
7	50869950
7	51744345
7	52837061
7	54276527
7	54312676
7	54523261
7	62330429
7	70548323
7	70558125
7	70811346
7	70936916
7	71001578
7	77022171
7	79253168
7	81049227
7	82617632
7	83992346
7	84105231
7	85295115
7	87396456
7	87619877
7	92676403
7	93407173
7	95322288
7	100934521
7	108779715
7	110481912
7	111837524
7	111942126
7	117335783
7	117577937
7	120888597
7	121535843
7	121580971
7	124537227
7	127678228
7	131583138
7	134265409
7	137122817
7	138492027
7	142466749
7	144836859
7	145289182
7	145747325
7	146115420
7	146204202
7	149446652
7	155567073
7	156469010
7	157364412
7	158270907
8	3040791
8	4065944
8	5799768
8	13791583
8	14061522
8	15060374
8	15373447
8	15638703
8	16256268
8	16524129
8	17600124
8	17662264
8	17763751
8	19683383
8	20381136
8	25627917
8	32618358
8	32849406
8	34056411
8	34844440
8	35583421
8	36655223
8	39415902
8	40315565
8	41005492
8	43508187
8	47801038
8	59255072
8	63163494
8	65798206
8	67467633
8	70078837
8	71958539
8	72355347
8	78249700
8	79281347
8	79320489
8	80076876
8	84191149
8	84354735
8	85037015
8	94129630
8	95172500
8	98999811
8	100399312
8	101940307
8	105856685
8	107268928
8	110139048
8	111794908
8	111893322
8	111946372
8	112657053
8	119149951
8	119356574
8	120011290
8	120474106
8	125110899
8	125650206
8	126476506
8	130173527
8	130723949
8	132120692
8	136514492
8	138602058
8	138942530
8	139165971
8	139628215
8	140506171
9	2887112
9	3913897
9	7227880
9	8915670
9	10693587
9	10806357
9	12217579
9	12270867
9	12613162
9	15470441
9	16638152
9	17976120
9	18170246
9	18511180
9	21541709
9	23558962
9	23619910
9	25802462
9	26598090
9	26975698
9	27337058
9	27884380
9	29239267
9	29557364
9	29558531
9	29996458
9	31364599
9	31717604
9	32460505
9	44764104
9	72696802
9	76181452
9	81552702
9	85393809
9	90605013
9	92169555
9	94985463
9	96760053
9	98677397
9	99334571
9	101435854
9	103996762
9	104011996
9	104188200
9	106247569
9	106512241
9	106955413
9	108238512
9	109030236
9	118457486
9	118585274
9	118887985
9	119582946
9	120499840
9	122775777
9	126856126
9	127364912
9	134188873
9	139138662
9	140378948
X	2759808
X	4043065
X	4449004
X	5057899
X	14109318
X	20680093
X	20989133
X	30050074
X	34507006
X	35960104
X	36318449
X	45348525
X	55182146
X	61978005
X	68867326
X	69033013
X	76003669
X	79535661
X	89910700
X	92963951
X	94411804
X	109513367
X	113227500
X	120777967
X	125832600
X	129650897
X	130396796
X	140706840
X	141680928
X	142275497
X	144737796
Y	6407994
Y	15154839
Y	15681833
